\begin{tabular}{llllllll}
\toprule
 & competitive_district_count & competitive_districts & average_margin & responsiveness & responsive_districts & overall_responsiveness & competitiveness \\
\midrule
competitive_district_count & *1.0 & *0.81 & *-0.53 & *0.82 & *0.81 & 0.000000 & *0.81 \\
competitive_districts & *0.81 & *1.0 & *-0.69 & *0.99 & *1.0 & 0.000000 & *1.0 \\
average_margin & *-0.53 & *-0.69 & *1.0 & *-0.71 & *-0.69 & -0.140000 & *-0.68 \\
responsiveness & *0.82 & *0.99 & *-0.71 & *1.0 & *0.99 & -0.030000 & *0.99 \\
responsive_districts & *0.81 & *1.0 & *-0.69 & *0.99 & *1.0 & 0.000000 & *1.0 \\
overall_responsiveness & 0.000000 & 0.000000 & -0.140000 & -0.030000 & 0.000000 & *1.0 & 0.000000 \\
competitiveness & *0.81 & *1.0 & *-0.68 & *0.99 & *1.0 & 0.000000 & *1.0 \\
\bottomrule
\end{tabular}
