\begin{tabular}{llllllllllllll}
\toprule
 & estimated_seats & disproportionality & fptp_seats & efficiency_gap_wasted_votes & efficiency_gap_statewide & efficiency_gap & seats_bias & votes_bias & geometric_seats_bias & declination & mean_median_average_district & lopsided_outcomes & proportionality \\
\midrule
estimated_seats & *1.0 & *-1.0 & *0.72 & *-0.7 & *-0.72 & *-1.0 & -0.620000 & -0.600000 & *-0.86 & -0.870000 & -0.380000 & *-0.85 & 0.480000 \\
disproportionality & *-1.0 & *1.0 & *-0.72 & *0.7 & *0.72 & *1.0 & 0.620000 & 0.600000 & *0.86 & 0.870000 & 0.380000 & *0.85 & -0.480000 \\
fptp_seats & *0.72 & *-0.72 & *1.0 & *-0.99 & *-1.0 & *-0.72 & -0.440000 & -0.390000 & *-0.62 & -0.630000 & -0.240000 & -0.610000 & 0.390000 \\
efficiency_gap_wasted_votes & *-0.7 & *0.7 & *-0.99 & *1.0 & *0.99 & *0.7 & 0.420000 & 0.380000 & *0.6 & 0.630000 & 0.240000 & 0.620000 & -0.380000 \\
efficiency_gap_statewide & *-0.72 & *0.72 & *-1.0 & *0.99 & *1.0 & *0.72 & 0.440000 & 0.390000 & *0.62 & 0.630000 & 0.240000 & 0.610000 & -0.390000 \\
efficiency_gap & *-1.0 & *1.0 & *-0.72 & *0.7 & *0.72 & *1.0 & 0.620000 & 0.600000 & *0.86 & 0.870000 & 0.380000 & *0.85 & -0.480000 \\
seats_bias & -0.620000 & 0.620000 & -0.440000 & 0.420000 & 0.440000 & 0.620000 & *1.0 & *0.91 & 0.630000 & 0.710000 & *0.6 & 0.650000 & -0.700000 \\
votes_bias & -0.600000 & 0.600000 & -0.390000 & 0.380000 & 0.390000 & 0.600000 & *0.91 & *1.0 & 0.580000 & 0.720000 & *0.73 & 0.690000 & -0.610000 \\
geometric_seats_bias & *-0.86 & *0.86 & *-0.62 & *0.6 & *0.62 & *0.86 & 0.630000 & 0.580000 & *1.0 & 0.790000 & 0.370000 & *0.77 & -0.490000 \\
declination & -0.870000 & 0.870000 & -0.630000 & 0.630000 & 0.630000 & 0.870000 & 0.710000 & 0.720000 & 0.790000 & *1.0 & 0.480000 & *0.98 & -0.570000 \\
mean_median_average_district & -0.380000 & 0.380000 & -0.240000 & 0.240000 & 0.240000 & 0.380000 & *0.6 & *0.73 & 0.370000 & 0.480000 & *1.0 & 0.480000 & -0.440000 \\
lopsided_outcomes & *-0.85 & *0.85 & -0.610000 & 0.620000 & 0.610000 & *0.85 & 0.650000 & 0.690000 & *0.77 & *0.98 & 0.480000 & *1.0 & -0.530000 \\
proportionality & 0.480000 & -0.480000 & 0.390000 & -0.380000 & -0.390000 & -0.480000 & -0.700000 & -0.610000 & -0.490000 & -0.570000 & -0.440000 & -0.530000 & *1.0 \\
\bottomrule
\end{tabular}
